0.053274 0.963822 0.600410 -0.714441 -0.856865 0.057876 1.720033 -1.038881
0.018658 -0.335769 0.040260 -0.595506 -0.557519 -0.048752 0.397208 -0.106387
0.268525 0.456518 0.603413 -0.500506 -0.296913 0.399253 0.872415 -0.270694
0.015404 -0.171175 0.299762 -0.330994 -0.451779 0.005038 0.411304 0.129001
0.098115 -0.248401 0.215766 -0.113019 -0.437198 -0.391705 0.426044 -0.173229
-0.013571 -0.184602 0.327406 -0.557364 -0.443749 -0.194877 0.336403 -0.026469
-0.296653 0.455919 0.211767 -0.021198 -0.362859 -0.347367 1.361382 -1.113586
-0.137411 0.192977 0.659305 -0.065054 -0.449092 -0.290954 1.228620 -0.968804
0.109075 0.015023 0.196184 -0.260122 -0.377419 0.041654 0.519008 -0.077779
0.175589 -0.130175 0.357890 -0.325342 -0.572565 -0.460727 0.516904 0.073139
0.229275 -0.217073 0.054596 -0.740059 -0.736311 -0.060471 -0.157464 -0.216310
0.093955 -0.059900 0.108175 -0.372690 -0.648176 -0.038723 0.348246 -0.132639
0.099731 -0.076481 0.205155 -0.156246 -0.645482 -0.038460 0.459672 -0.187140
-0.104607 -0.072867 0.342411 -0.248432 -0.310427 -0.199816 0.392986 -0.082099
