0.389853 -0.298371 -0.132147 -0.247309 -0.212563 0.686586 0.242322 -0.071011
-0.099237 0.426003 0.140949 0.160973 -0.211684 0.135320 0.512852 -0.094050
0.146173 -0.080809 0.388405 0.084703 -0.349420 0.127332 0.361491 0.000039
0.914996 -0.415370 0.070385 -0.485599 -0.148311 0.397054 0.101716 0.084218
0.041352 -0.127209 0.228034 -0.313026 0.079389 0.676610 0.072547 -0.009728
-0.076099 0.451103 -0.273762 -0.385600 0.179613 0.172427 0.917251 -0.278573
-0.427231 0.337865 0.083628 0.165203 0.000912 -0.116497 0.806549 -0.154327
0.111063 -0.071225 0.303183 -0.029230 -0.183210 0.201488 0.428267 0.017402
0.026736 -0.214969 0.277254 0.261111 -0.373213 -0.283875 0.282562 -0.181220
0.025820 -0.121659 0.100218 0.374806 -0.320296 -0.202218 0.198645 -0.218788
0.182114 -0.246013 0.348232 0.085017 -0.349172 -0.236902 0.299337 -0.093191
-0.054490 -0.229465 0.239305 0.034048 -0.354736 0.314539 0.566304 -0.213788
-0.532050 0.514612 0.303835 0.380963 -0.156442 -0.090944 0.830533 -0.390534
0.240770 -0.094730 0.202742 0.164036 -0.170934 -0.159492 0.225462 -0.184488
