-0.199078 0.315999 -0.402496 -0.425080 0.187934 -0.509818 0.380753 -0.313938
0.212211 -0.402102 0.001505 -0.318891 -0.376391 -0.247260 0.472551 0.291033
-0.165587 -0.089803 -0.221168 -0.480666 0.254581 0.081932 -0.001014 0.049462
0.274566 -0.523535 -0.026029 -0.359969 -0.217391 -0.162716 0.111615 0.377410
0.248895 -0.397468 0.182902 -0.214561 -0.200924 -0.396943 -0.025214 -0.181664
0.319451 -0.538897 0.460139 -0.113804 -0.342772 -0.328713 -0.385353 -0.214819
0.032637 0.192824 -0.020747 -0.278381 0.235161 -0.522096 0.193836 -0.111452
0.041002 -0.077355 -0.274287 -0.203327 0.271824 -0.525566 0.292875 0.097200
0.195310 -0.294551 0.129455 -0.035754 -0.016929 -0.378503 0.157413 -0.191431
0.215970 -0.286558 0.253394 -0.318191 -0.201561 -0.282739 0.117028 -0.020475
0.229549 -0.019642 0.148164 -0.293619 -0.083182 -0.098374 0.175146 0.359157
0.364531 -0.212743 0.173408 -0.251759 -0.312127 -0.255972 0.307437 0.187884
0.162364 -0.240510 0.189495 -0.089922 -0.214860 -0.485719 -0.213892 -0.208717
0.193996 -0.573042 0.296520 -0.362474 -0.201721 -0.436115 -0.039859 -0.159319
