-0.598464 0.420672 -0.423780 0.049388 0.288444 0.209923 1.439441 -0.082307
0.227515 -0.366892 -0.200816 0.007031 -0.022489 -0.081285 0.672533 0.086716
-0.127647 0.211803 -0.419533 0.078200 -0.110588 0.403424 0.788443 0.175630
0.120056 -0.275286 0.034313 -0.202601 -0.388134 -0.010503 0.432158 0.043464
0.259806 -0.245975 0.027795 -0.036789 -0.334596 -0.035660 0.493261 0.257825
0.256536 -0.098515 0.125658 -0.077752 -0.373333 -0.342827 0.474342 0.180918
-0.206169 0.524799 -0.183565 0.305388 -0.108222 -0.078032 1.039482 0.071342
-0.417865 0.548978 -0.252591 0.105139 0.051968 0.052164 1.447268 0.120223
0.187619 -0.023445 0.212301 0.110921 -0.196820 -0.164619 0.298315 0.066839
0.080593 -0.334421 0.122673 0.055889 -0.365349 -0.057918 0.497815 -0.052373
0.218636 -0.382336 -0.046370 -0.417077 -0.066674 0.167121 0.146393 -0.061009
0.250764 -0.302269 -0.021342 -0.064171 -0.364966 -0.092610 0.456575 0.080345
0.228525 -0.107957 0.169004 0.008153 -0.255400 -0.118621 0.381959 0.115742
0.274863 -0.075229 0.043514 -0.057886 -0.270033 -0.255378 0.516838 0.117683
