0.170912 -0.187506 -0.016074 -0.582314 -0.643174 0.187147 0.354664 0.175224
0.239170 0.094250 0.223993 -0.268328 -0.033116 0.092204 0.591989 -0.600033
-0.011660 -0.398738 0.198888 -0.169983 -0.385915 -0.087793 0.056502 -0.073870
0.185062 -0.295010 0.141853 -0.396261 -0.503369 -0.127225 0.084096 0.189140
-0.270300 -0.453794 -0.070735 -0.283208 -0.445880 0.178438 0.419322 0.009515
-0.218438 0.257560 0.118039 -0.242831 -0.046582 -0.223051 0.947810 -0.724805
-0.189291 0.292274 0.268167 -0.294254 -0.392424 -0.340738 1.092387 -0.848904
-0.276309 -0.376763 0.251638 -0.173966 -0.388880 -0.140394 0.290910 -0.117856
-0.199645 -0.480351 0.259696 -0.219732 -0.521851 -0.115646 0.593015 -0.261320
-0.051743 -0.253686 0.406313 -0.068269 -0.475443 -0.040199 0.490117 -0.387367
-0.034303 -0.588332 0.375351 -0.183798 -0.588917 -0.184891 0.168597 -0.153480
0.021928 -0.417199 0.375964 -0.334661 -0.155219 -0.100081 0.283019 0.028273
-0.148757 0.367448 0.230990 0.165133 -0.217351 -0.642614 1.091876 -1.014753
-0.081622 -0.496420 0.120653 0.016562 -0.265477 -0.051664 0.343835 -0.259014
