-0.054558 0.121805 0.142434 0.081638 0.539503 -0.307175 1.725228 -0.745955
0.070338 -0.555770 0.206333 0.172578 -0.511158 -0.076707 0.521609 0.230595
-0.269000 -0.124854 0.785919 0.019330 0.500042 -0.510698 1.595742 -0.532364
-0.098094 -0.089318 0.319863 -0.023834 -0.445562 -0.162778 0.282264 -0.125852
-0.228165 -0.286080 0.570385 0.088769 -0.605576 -0.372984 0.260067 -0.101918
0.196202 -0.136390 0.250569 0.048319 -0.390340 -0.135187 0.449811 -0.551618
-0.222850 0.167333 0.342037 -0.026702 0.100421 -0.358594 1.172538 -0.336941
-0.483677 0.014616 0.658927 -0.096783 0.594635 -0.175518 1.679312 -0.959581
-0.031835 -0.220883 0.338177 0.220984 -0.435935 -0.153826 0.276722 -0.337816
-0.118832 -0.105814 0.302156 0.034106 -0.434132 -0.304019 0.473005 -0.036282
0.186820 -0.287630 0.043775 0.361670 -0.333411 -0.288375 0.654943 0.557784
0.044380 -0.410122 0.340718 0.079139 -0.582434 -0.201376 0.645448 -0.013003
0.169461 -0.419909 0.339344 0.209822 -0.654377 -0.130307 0.383805 -0.329547
-0.023188 -0.150894 0.355399 0.218738 -0.503389 -0.051269 0.307443 -0.439470
