0.100448 -0.795627 0.201345 -0.118608 -0.458892 0.106557 0.749096 0.486072
0.073062 -0.241716 0.456310 0.147138 -0.142876 -0.190211 1.251156 -0.307780
-0.184425 -0.710998 0.447132 0.328905 -0.364235 0.203988 -0.010245 -0.101243
0.216483 -0.304772 0.239888 -0.060939 -0.090932 -0.207568 0.258514 0.483110
-0.256202 -0.770025 -0.030714 -0.046323 -0.516345 0.701644 0.385059 -0.209133
-0.364704 0.003910 0.068688 -0.062844 0.677433 -0.316575 1.658151 -0.399546
-0.530986 0.011157 1.035811 0.186641 -0.444178 -0.826105 1.156043 -0.233875
-0.144169 -0.602067 0.279454 0.109673 -0.274470 0.139639 0.320406 -0.205466
0.328361 -0.533723 0.878540 0.404280 -0.734429 -0.258187 0.292617 -0.154551
0.167414 -0.362703 0.632402 0.565610 -0.310166 -0.361990 -0.193607 -0.242683
0.030192 -0.765394 0.554811 0.524690 -0.709502 0.042849 0.133206 -0.390465
-0.160793 -0.648171 0.722998 0.316007 -0.815302 0.054761 0.312241 -0.182765
-0.347159 0.075605 0.429721 0.269383 0.115164 -0.233862 1.089258 -0.254184
0.336131 -0.772754 0.424567 0.740749 -0.627383 0.006385 0.045200 -0.318060
