-0.383245 -0.150036 -0.393933 -0.845051 -0.337372 0.745447 0.079701 0.248877
0.089346 0.291220 -0.263715 -0.201465 0.155520 -0.420790 0.275583 -0.458273
-0.122388 -0.675311 0.257469 0.123013 0.033245 -0.269846 -0.578108 0.113261
-0.030369 -0.119825 -0.100562 -0.530624 -0.218730 0.077142 -0.349904 0.807264
-0.246913 -0.918873 0.186332 -0.362849 -0.216063 0.683800 0.010815 0.118110
-0.545244 -0.183293 -0.098318 -0.394237 0.456739 0.095591 0.479100 -0.393786
-0.052926 0.220285 0.065669 -0.159984 0.235635 -0.317682 -0.058673 -0.528085
-0.065898 -0.815265 0.193122 0.040493 -0.230828 0.080271 -0.187343 -0.099565
0.079977 -0.549617 0.351339 0.326810 -0.131893 -0.115925 -0.361773 -0.602399
0.225299 -0.446967 0.364482 0.275138 -0.126596 -0.159577 -0.168541 -0.432090
-0.020320 -1.298998 1.088089 0.055489 -0.186274 -0.237658 -1.315378 -0.384212
-0.211814 -0.902492 0.333975 0.359733 -0.405525 0.127842 0.334713 -0.415679
-0.042988 0.260269 0.160767 -0.218888 0.153332 -0.310375 0.226697 -0.494411
-0.007593 -0.651114 0.416371 0.242392 -0.389671 -0.226839 -0.383516 -0.348356
